https://jsbin.com/meveguqoho/5/edit?js,console,output

136.mp3
31
10:0,175.542388,267.028471,535.888165,605.895402,924.804642,1085.71278,1286.527108,1428.717508,1828.159722,2014.663319,2208.267167,2290.348788,2413.032119,2466.432546,2571.53784,2620.279637,2639.718005,2857.600464,2898.703255,2948.70916,2999.05564,3080.518543,3301.921962,3726.248975
32
1:4100.57001,4108.942283,4141.601473,4223.724129,4319.842135,4593.711817,4627.705593,4671.739793,4735.66102,4919.095378,4996.016045,5067.373481,5261.926765,5447.104501,5526.499058,

137.mp3
32
16:95.92331,358.177146,462.085494,529.121209,567.955522,638.717344,694.444279,734.218211,922.866768,991.558973,1041.842279,1157.644416,1260.683393,1291.704862,1348.439435,
